{
 "cells": [
  {
   "cell_type": "markdown",
   "id": "6a025425",
   "metadata": {},
   "source": [
    "### About Data\n",
    "\n",
    "1) date Date \n",
    "2) tavgAvg. Temperature\n",
    "3) tminMin. Temperature\n",
    "4) tmaxMax. Temperature\n",
    "5) prcpTotal Precipitation\n",
    "6) snowSnow Depth\n",
    "7) wdirWind Direction\n",
    "8) wspdWind Speed\n",
    "9) wpgtPeak Gust\n",
    "10) pres Air Pressure\n",
    "11) tsun Sunshine Duration"
   ]
  },
  {
   "cell_type": "code",
   "execution_count": 1,
   "id": "823e6493",
   "metadata": {},
   "outputs": [],
   "source": [
    "import pandas as pd"
   ]
  },
  {
   "cell_type": "code",
   "execution_count": 2,
   "id": "57a68836",
   "metadata": {},
   "outputs": [
    {
     "name": "stderr",
     "output_type": "stream",
     "text": [
      "<>:1: SyntaxWarning: \"\\P\" is an invalid escape sequence. Such sequences will not work in the future. Did you mean \"\\\\P\"? A raw string is also an option.\n",
      "<>:1: SyntaxWarning: \"\\P\" is an invalid escape sequence. Such sequences will not work in the future. Did you mean \"\\\\P\"? A raw string is also an option.\n",
      "C:\\Users\\subas\\AppData\\Local\\Temp\\ipykernel_16056\\4056814711.py:1: SyntaxWarning: \"\\P\" is an invalid escape sequence. Such sequences will not work in the future. Did you mean \"\\\\P\"? A raw string is also an option.\n",
      "  df = pd.read_csv('D:\\Projects\\TemperaturePrediction\\data\\export.csv')\n"
     ]
    }
   ],
   "source": [
    "df = pd.read_csv('D:\\Projects\\TemperaturePrediction\\data\\export.csv')"
   ]
  },
  {
   "cell_type": "code",
   "execution_count": 7,
   "id": "1b8b2398",
   "metadata": {},
   "outputs": [
    {
     "data": {
      "text/plain": [
       "date     0\n",
       "tavg     0\n",
       "tmin     0\n",
       "tmax     0\n",
       "prcp    55\n",
       "wspd     0\n",
       "pres     0\n",
       "dtype: int64"
      ]
     },
     "execution_count": 7,
     "metadata": {},
     "output_type": "execute_result"
    }
   ],
   "source": [
    "df.isnull().sum()"
   ]
  },
  {
   "cell_type": "code",
   "execution_count": 4,
   "id": "1d30c419",
   "metadata": {},
   "outputs": [
    {
     "data": {
      "text/plain": [
       "(731, 11)"
      ]
     },
     "execution_count": 4,
     "metadata": {},
     "output_type": "execute_result"
    }
   ],
   "source": [
    "df.shape"
   ]
  },
  {
   "cell_type": "code",
   "execution_count": 5,
   "id": "d2effb17",
   "metadata": {},
   "outputs": [],
   "source": [
    "df.drop(columns=['snow','wdir','wpgt','tsun'],inplace=True)"
   ]
  },
  {
   "cell_type": "code",
   "execution_count": 11,
   "id": "ead5044e",
   "metadata": {},
   "outputs": [
    {
     "name": "stdout",
     "output_type": "stream",
     "text": [
      "<class 'pandas.core.frame.DataFrame'>\n",
      "RangeIndex: 731 entries, 0 to 730\n",
      "Data columns (total 7 columns):\n",
      " #   Column  Non-Null Count  Dtype         \n",
      "---  ------  --------------  -----         \n",
      " 0   date    731 non-null    datetime64[ns]\n",
      " 1   tavg    731 non-null    float64       \n",
      " 2   tmin    731 non-null    float64       \n",
      " 3   tmax    731 non-null    float64       \n",
      " 4   prcp    676 non-null    float64       \n",
      " 5   wspd    731 non-null    float64       \n",
      " 6   pres    731 non-null    float64       \n",
      "dtypes: datetime64[ns](1), float64(6)\n",
      "memory usage: 40.1 KB\n"
     ]
    }
   ],
   "source": [
    "df.info()"
   ]
  },
  {
   "cell_type": "code",
   "execution_count": 10,
   "id": "16b97feb",
   "metadata": {},
   "outputs": [],
   "source": [
    "df.date = pd.to_datetime(df.date)"
   ]
  },
  {
   "cell_type": "code",
   "execution_count": 13,
   "id": "e94280a2",
   "metadata": {},
   "outputs": [
    {
     "data": {
      "text/html": [
       "<div>\n",
       "<style scoped>\n",
       "    .dataframe tbody tr th:only-of-type {\n",
       "        vertical-align: middle;\n",
       "    }\n",
       "\n",
       "    .dataframe tbody tr th {\n",
       "        vertical-align: top;\n",
       "    }\n",
       "\n",
       "    .dataframe thead th {\n",
       "        text-align: right;\n",
       "    }\n",
       "</style>\n",
       "<table border=\"1\" class=\"dataframe\">\n",
       "  <thead>\n",
       "    <tr style=\"text-align: right;\">\n",
       "      <th></th>\n",
       "      <th>date</th>\n",
       "      <th>tavg</th>\n",
       "      <th>tmin</th>\n",
       "      <th>tmax</th>\n",
       "      <th>prcp</th>\n",
       "      <th>wspd</th>\n",
       "      <th>pres</th>\n",
       "    </tr>\n",
       "  </thead>\n",
       "  <tbody>\n",
       "    <tr>\n",
       "      <th>date</th>\n",
       "      <td>1.000000</td>\n",
       "      <td>-0.094230</td>\n",
       "      <td>0.038880</td>\n",
       "      <td>-0.151884</td>\n",
       "      <td>0.103015</td>\n",
       "      <td>0.212726</td>\n",
       "      <td>-0.145975</td>\n",
       "    </tr>\n",
       "    <tr>\n",
       "      <th>tavg</th>\n",
       "      <td>-0.094230</td>\n",
       "      <td>1.000000</td>\n",
       "      <td>0.861752</td>\n",
       "      <td>0.913421</td>\n",
       "      <td>-0.226791</td>\n",
       "      <td>0.410291</td>\n",
       "      <td>-0.687332</td>\n",
       "    </tr>\n",
       "    <tr>\n",
       "      <th>tmin</th>\n",
       "      <td>0.038880</td>\n",
       "      <td>0.861752</td>\n",
       "      <td>1.000000</td>\n",
       "      <td>0.689124</td>\n",
       "      <td>-0.237691</td>\n",
       "      <td>0.449794</td>\n",
       "      <td>-0.586811</td>\n",
       "    </tr>\n",
       "    <tr>\n",
       "      <th>tmax</th>\n",
       "      <td>-0.151884</td>\n",
       "      <td>0.913421</td>\n",
       "      <td>0.689124</td>\n",
       "      <td>1.000000</td>\n",
       "      <td>-0.179799</td>\n",
       "      <td>0.309403</td>\n",
       "      <td>-0.637241</td>\n",
       "    </tr>\n",
       "    <tr>\n",
       "      <th>prcp</th>\n",
       "      <td>0.103015</td>\n",
       "      <td>-0.226791</td>\n",
       "      <td>-0.237691</td>\n",
       "      <td>-0.179799</td>\n",
       "      <td>1.000000</td>\n",
       "      <td>0.000711</td>\n",
       "      <td>-0.077037</td>\n",
       "    </tr>\n",
       "    <tr>\n",
       "      <th>wspd</th>\n",
       "      <td>0.212726</td>\n",
       "      <td>0.410291</td>\n",
       "      <td>0.449794</td>\n",
       "      <td>0.309403</td>\n",
       "      <td>0.000711</td>\n",
       "      <td>1.000000</td>\n",
       "      <td>-0.498838</td>\n",
       "    </tr>\n",
       "    <tr>\n",
       "      <th>pres</th>\n",
       "      <td>-0.145975</td>\n",
       "      <td>-0.687332</td>\n",
       "      <td>-0.586811</td>\n",
       "      <td>-0.637241</td>\n",
       "      <td>-0.077037</td>\n",
       "      <td>-0.498838</td>\n",
       "      <td>1.000000</td>\n",
       "    </tr>\n",
       "  </tbody>\n",
       "</table>\n",
       "</div>"
      ],
      "text/plain": [
       "          date      tavg      tmin      tmax      prcp      wspd      pres\n",
       "date  1.000000 -0.094230  0.038880 -0.151884  0.103015  0.212726 -0.145975\n",
       "tavg -0.094230  1.000000  0.861752  0.913421 -0.226791  0.410291 -0.687332\n",
       "tmin  0.038880  0.861752  1.000000  0.689124 -0.237691  0.449794 -0.586811\n",
       "tmax -0.151884  0.913421  0.689124  1.000000 -0.179799  0.309403 -0.637241\n",
       "prcp  0.103015 -0.226791 -0.237691 -0.179799  1.000000  0.000711 -0.077037\n",
       "wspd  0.212726  0.410291  0.449794  0.309403  0.000711  1.000000 -0.498838\n",
       "pres -0.145975 -0.687332 -0.586811 -0.637241 -0.077037 -0.498838  1.000000"
      ]
     },
     "execution_count": 13,
     "metadata": {},
     "output_type": "execute_result"
    }
   ],
   "source": [
    "df.corr()"
   ]
  },
  {
   "cell_type": "code",
   "execution_count": null,
   "id": "69617fc0",
   "metadata": {},
   "outputs": [],
   "source": []
  }
 ],
 "metadata": {
  "kernelspec": {
   "display_name": "temperature",
   "language": "python",
   "name": "python3"
  },
  "language_info": {
   "codemirror_mode": {
    "name": "ipython",
    "version": 3
   },
   "file_extension": ".py",
   "mimetype": "text/x-python",
   "name": "python",
   "nbconvert_exporter": "python",
   "pygments_lexer": "ipython3",
   "version": "3.14.2"
  }
 },
 "nbformat": 4,
 "nbformat_minor": 5
}
